77
49
38
41
41
47
57
28
50
55
73
44
39
62
34
58
35
37
49
39
38
33
55
54
43
64
18
53
53
42
41
49
42
49
43
50
44
49
49
43
38
41
51
48
39
39
38
51
49
39
53
76
43
57
31
62
53
52
33
64
40
48
34
51
32
38
46
52
45
30
56
39
37
35
34
50
32
108
36
27
56
40
71
31
66
53
30
53
64
41
64
42
43
9
26
23
41
34
46
36
42
52
46
20
65
33
27
43
44
46
33
48
57
30
52
28
49
45
57
35
45
28
51
30
25
55
66
47
46
43
40
57
32
33
64
48
59
34
32
75
29
54
52
34
16
55
41
63
41
32
62
24
29
53
45
52
52
52
23
48
52
32
31
53
43
65
55
47
22
47
42
55
43
47
42
29
33
55
47
66
57
42
48
44
38
58
63
43
19
57
57
53
25
50
35
21
33
39
43
37
31
41
56
38
55
61
50
25
39
55
55
44
42
40
23
48
45
51
58
88
16
42
51
55
48
57
39
40
43
50
57
44
57
51
85
54
23
30
47
61
50
64
50
53
40
31
38
54
56
30
57
44
32
46
39
28
39
22
40
29
46
40
58
60
45
52
34
75
40
43
35
52
64
38
39
38
58
19
29
28
29
33
39
37
37
62
50
50
68
53
51
55
48
61
57
72
57
51
23
39
47
49
29
48
51
56
45
42
54
46
36
53
34
50
43
41
77
52
34
63
45
40
48
37
71
49
60
56
55
31
30
57
71
39
24
47
38
53
36
36
53
61
55
67
38
47
56
29
71
53
54
49
51
32
54
46
50
40
39
54
47
71
113
18
35
41
36
31
36
62
45
57
50
34
18
40
43
67
33
57
29
55
40
62
32
36
26
33
72
63
46
19
39
25
63
68
41
47
31
51
53
51
40
44
46
52
32
51
51
77
43
72
39
25
