200
27
36
94
71
86
79
7
8
28
88
10
122
112
109
96
123
104
103
17
138
91
131
121
31
73
41
92
58
4
62
85
56
76
220
64
8
80
104
82
68
88
64
8
54
68
60
86
129
78
12
109
107
9
8
110
84
77
3
118
58
40
133
14
79
153
7
53
127
14
140
47
81
82
6
74
23
4
55
122
73
40
32
118
62
43
11
78
76
5
99
62
171
75
49
53
64
9
109
7
76
60
100
68
68
116
67
98
117
108
36
99
119
27
101
17
65
55
33
52
61
30
11
43
16
40
82
32
69
80
137
84
45
88
84
107
156
113
42
54
107
145
107
99
50
105
64
92
15
68
9
53
18
128
74
110
46
69
16
54
64
125
105
102
91
44
64
138
9
114
88
74
92
14
114
48
64
40
114
81
54
9
91
49
89
40
109
72
58
51
67
98
72
59
34
141
45
28
14
57
19
47
73
75
58
31
42
17
101
57
17
44
136
50
4
50
16
78
27
59
68
10
99
37
73
64
86
12
52
85
31
89
42
28
23
36
59
63
84
45
31
80
17
18
54
40
73
53
62
34
71
41
43
50
38
111
62
84
62
58
67
39
79
41
49
58
58
39
73
85
59
51
53
10
19
28
47
67
65
40
18
57
23
37
62
44
81
36
29
44
90
68
80
4
43
57
35
77
125
45
10
105
15
122
53
115
155
6
87
7
90
140
145
197
135
122
137
85
88
46
123
3
58
16
70
167
83
142
10
80
92
66
67
212
99
95
129
96
145
41
103
64
64
119
127
167
60
9
32
167
81
116
124
223
67
114
46
122
75
97
78
54
92
45
56
93
38
64
38
46
53
14
80
79
71
70
40
80
35
21
9
45
100
152
97
12
13
113
116
47
98
53
65
48
19
71
70
14
90
7
132
100
40
62
25
99
126
172
25
46
55
89
106
97
77
89
79
17
8
75
111
7
24
91
13
38
24
84
24
84
101
67
114
32
102
70
64
87
70
80
57
117
70
80
49
89
24
20
59
26
100
40
67
69
50
105
6
44
100
119
97
138
102
42
75
60
146
95
92
66
34
16
26
42
95
78
80
102
61
35
106
58
80
63
117
87
31
92
81
66
101
63
115
50
69
23
31
50
25
13
5
21
27
12
27
8
91
46
12
65
63
82
47
60
18
46
86
72
65
54
45
12
28
105
80
71
7
86
109
36
33
88
62
71
9
49
21
31
19
38
39
105
36
48
57
56
13
34
75
40
49
59
52
53
44
70
66
84
36
18
17
30
22
46
41
29
40
62
46
89
26
31
44
33
33
48
95
120
100
27
83
139
77
84
138
113
204
110
50
88
45
61
169
92
29
54
118
107
99
49
49
89
128
30
26
23
102
11
157
120
7
62
65
101
53
32
123
10
3
100
83
54
142
139
117
135
6
68
73
70
155
59
15
38
10
117
56
21
121
53
70
33
61
7
38
83
143
114
68
15
28
77
49
39
107
66
103
54
78
124
79
65
104
25
46
97
15
8
73
96
50
49
164
114
17
98
57
106
16
97
159
16
96
97
25
80
30
103
5
112
90
38
51
102
83
108
25
55
145
109
94
71
168
42
72
39
91
43
27
11
80
114
74
48
141
65
96
51
10
81
169
128
29
84
50
25
60
101
14
95
7
76
34
23
49
70
95
105
57
68
65
17
74
41
81
76
32
50
56
52
86
42
54
97
32
30
59
114
67
56
54
51
16
29
45
39
26
113
44
52
63
38
76
21
127
9
25
58
81
19
50
60
86
9
44
45
57
79
85
86
44
15
58
63
50
5
80
8
49
67
78
49
79
71
68
65
100
7
73
34
58
102
35
5
53
67
16
59
79
59
41
8
46
73
37
64
32
57
40
19
17
59
5
52
17
46
27
44
54
23
71
73
37
49
7
42
32
60
37
56
36
38
13
63
57
28
44
14
43
3
56
44
32
41
32
27
56
18
49
40
25
43
29
47
8
69
83
12
28
45
18
91
47
42
121
120
85
154
82
4
114
93
10
83
95
62
48
84
68
153
39
38
69
7
130
6
5
30
141
5
161
70
77
88
79
133
178
114
85
52
58
110
43
11
48
25
119
17
9
43
90
60
106
126
54
79
71
11
85
91
66
135
14
66
103
59
8
71
117
137
103
6
120
144
119
135
94
49
8
83
127
47
116
100
9
15
8
71
79
127
111
110
117
26
57
73
29
57
27
66
6
89
71
59
21
175
4
142
49
150
25
71
38
46
62
82
61
28
51
58
83
19
75
93
34
68
87
104
68
82
126
20
150
135
95
80
53
103
81
145
68
36
45
4
82
6
61
124
154
7
78
15
76
20
26
112
30
82
70
77
7
116
18
51
86
55
11
92
33
68
71
8
10
44
79
49
43
7
55
32
136
84
92
104
78
33
68
48
13
31
59
14
40
91
66
45
14
66
55
59
10
40
21
52
51
106
81
31
66
57
35
67
76
40
79
38
77
75
55
86
34
65
68
11
24
64
58
45
71
64
90
30
95
29
59
52
82
58
63
19
30
56
7
25
43
46
36
115
15
80
50
50
25
64
40
78
47
65
28
19
49
36
84
61
68
58
9
50
25
25
26
55
54
36
42
54
15
27
55
5
22
68
60
87
47
40
33
48
73
14
30
26
17
68
40
47
54
27
74
51
51
50
58
20
45
50
19
53
16
20
8
73
11
28
156
168
185
75
61
56
31
8
47
16
100
38
142
267
201
11
78
31
25
82
50
128
97
11
48
60
45
62
3
99
35
6
53
16
29
88
68
128
19
21
65
60
53
243
106
15
51
62
77
108
76
112
167
12
68
54
142
6
111
73
64
106
117
23
81
65
20
62
5
102
84
8
26
101
146
184
103
148
167
97
15
133
162
45
15
27
46
58
25
126
133
10
77
86
25
5
85
80
70
94
16
67
56
29
52
157
111
43
58
80
128
116
7
5
103
84
90
82
59
88
123
94
73
32
40
37
126
47
97
55
111
60
6
107
54
71
12
25
47
65
69
3
129
13
21
87
69
22
34
69
63
54
23
134
130
45
119
95
55
8
24
60
62
29
49
75
52
44
16
110
17
21
18
94
48
23
86
62
11
48
79
63
71
79
73
62
4
106
17
80
43
24
74
115
84
163
52
30
66
15
57
6
68
73
12
21
48
56
36
112
31
5
93
67
43
56
65
40
59
18
36
78
49
83
59
44
74
75
8
91
98
46
61
52
37
27
73
51
64
68
70
69
51
16
49
44
35
56
57
35
26
50
42
25
48
9
27
6
44
9
29
68
65
85
61
36
11
16
15
75
50
18
62
65
18
28
28
30
56
56
12
36
24
39
41
52
6
62
59
42
44
63
47
53
63
38
14
40
33
35
8
14
68
30
67
77
32
20
56
34
8
28
34
41
46
34
11
71
143
10
23
29
100
150
38
120
59
87
73
8
47
8
81
100
138
74
5
28
46
59
58
50
60
81
6
54
124
5
114
86
162
96
121
45
59
114
5
138
54
11
45
97
96
126
132
59
144
68
77
89
54
124
86
117
36
78
8
33
96
57
57
77
178
102
69
7
48
134
95
103
169
87
38
4
97
69
36
100
86
100
81
33
76
90
47
25
124
51
8
77
15
3
62
60
57
16
6
92
116
52
88
8
25
125
69
98
8
50
18
76
20
146
91
60
162
94
72
34
140
102
78
29
18
18
57
42
63
94
13
109
17
49
52
68
83
14
106
63
8
113
94
59
62
35
39
9
8
43
94
84
89
30
115
78
94
116
101
31
23
61
107
43
8
42
56
76
45
88
64
50
5
62
93
99
80
45
80
118
62
92
52
42
72
83
35
50
20
40
37
56
49
81
7
34
104
30
14
62
128
24
56
45
64
11
59
47
32
41
50
29
60
88
57
24
11
36
46
69
36
56
104
12
158
77
20
72
34
25
62
30
67
86
43
40
21
61
42
49
102
75
66
71
67
20
50
18
47
60
58
13
28
34
48
69
57
52
70
57
27
30
10
55
65
41
54
3
35
106
34
64
13
38
80
9
3
48
54
29
29
31
31
43
22
33
51
25
33
31
25
29
23
33
25
38
30
28
36
43
34
20
37
20
27
23
25
26
27
35
20
40
31
23
29
20
48
29
28
21
38
30
20
33
32
31
40
23
37
25
40
26
44
25
26
44
15
28
40
