46
70
21
48
82
30
92
62
22
96
67
57
24
44
147
51
62
135
70
45
76
13
22
57
23
40
63
40
42
94
64
90
87
44
113
78
46
36
106
27
88
79
124
67
51
60
58
65
70
82
88
78
73
101
69
41
93
46
96
72
67
80
48
99
83
80
44
55
78
69
76
33
5
136
73
58
7
88
52
82
90
85
43
65
37
93
68
38
51
43
42
56
42
45
55
50
64
45
53
55
49
97
88
81
42
27
62
68
18
55
52
89
42
57
36
49
66
68
88
56
47
56
49
68
47
48
46
7
27
38
9
31
38
41
115
59
112
66
103
87
89
33
24
30
83
90
103
47
28
89
137
71
73
103
52
94
49
50
78
51
52
20
54
10
109
40
36
59
26
122
142
123
32
27
65
42
84
44
19
93
7
44
55
88
53
76
108
85
80
38
86
85
64
41
62
78
74
68
97
50
74
50
88
95
80
97
45
75
16
34
57
82
67
66
36
23
94
106
63
62
61
19
124
37
79
81
67
41
58
99
77
76
128
45
158
49
47
59
59
62
57
58
68
62
48
92
49
7
57
58
51
53
79
37
75
10
87
45
40
48
35
43
60
39
44
38
32
44
41
37
76
63
33
53
41
45
28
50
33
51
32
32
83
130
63
35
39
87
94
86
84
91
91
106
69
11
76
75
104
36
66
58
82
74
59
68
65
61
40
95
26
70
69
131
65
71
121
64
42
38
88
71
85
74
49
58
41
77
62
32
92
69
61
72
72
94
16
27
45
75
51
47
95
75
52
86
9
90
55
92
96
62
86
60
86
26
58
79
104
89
51
86
60
35
39
50
48
74
49
120
38
37
70
67
75
26
55
75
123
60
59
44
68
68
46
79
49
85
61
52
39
76
47
47
33
12
14
31
57
53
74
40
32
103
54
89
79
47
58
60
41
73
60
66
51
63
67
32
53
48
69
43
53
36
39
68
13
56
22
46
44
45
22
23
51
57
58
147
148
33
83
72
39
130
57
93
75
37
94
11
61
98
53
33
35
78
54
47
100
61
73
57
51
91
103
74
75
16
9
90
125
54
39
57
56
86
26
85
125
34
95
29
108
47
166
64
108
170
32
81
51
95
34
58
99
36
55
83
140
84
63
56
42
50
78
89
82
65
132
44
57
99
20
6
28
54
54
49
57
94
57
70
55
114
56
43
58
58
43
103
76
37
56
49
84
40
52
61
43
39
32
54
57
70
71
43
108
62
58
47
36
19
65
61
93
61
55
48
56
57
49
52
40
9
66
49
58
35
59
51
35
60
33
54
59
37
51
8
37
58
110
51
54
59
90
57
55
94
72
14
50
70
87
102
33
51
114
93
68
113
71
21
25
57
45
64
64
57
75
45
83
97
117
103
29
99
43
55
38
87
120
112
47
35
14
44
91
44
95
55
56
52
77
85
62
52
57
93
5
73
56
44
122
76
119
45
78
39
95
56
55
72
23
77
36
46
49
58
81
31
47
38
48
49
58
75
6
57
86
43
59
53
41
100
13
45
13
59
27
46
59
17
43
6
83
42
73
44
61
35
47
23
38
43
43
94
52
35
50
42
57
61
80
44
36
55
48
56
64
44
63
82
31
18
67
38
40
63
37
80
10
45
46
64
33
46
62
68
36
49
41
36
53
33
34
61
32
59
37
22
45
78
39
51
17
114
64
62
79
111
89
50
68
63
79
43
27
33
59
81
44
28
34
44
75
85
94
86
33
50
64
14
61
39
51
68
43
70
56
47
59
30
65
45
95
92
47
151
33
94
88
63
82
13
69
48
46
78
73
47
34
84
111
70
50
56
49
68
42
73
24
79
39
65
50
68
21
49
116
47
65
74
35
56
51
38
44
29
36
70
50
90
68
61
67
91
43
77
40
61
35
37
58
41
6
45
82
30
69
49
39
98
60
60
32
62
61
36
72
38
70
30
26
52
38
54
72
39
19
43
37
45
63
53
78
60
32
35
27
32
53
31
51
18
27
33
44
25
29
46
23
38
24
23
37
18
24
35
23
44
32
33
48
29
24
51
27
43
24
19
40
19
17
26
24
53
27
40
37
51
22
21
39
